torch.Size([2, 33360])
torch.Size([2, 207, 23])
tensor([[[-13.8155, -13.8155, -13.8155,  ..., -13.8155, -13.8155, -13.8155],
         [  4.6999,   5.6105,   5.5739,  ...,  10.4491,  11.1979,  11.0331],
         [  4.5881,   6.1005,   6.3064,  ...,  11.0554,  11.7377,  11.3080],
         ...,
         [  2.8877,   4.3570,   3.9996,  ...,  11.7516,  12.9888,  12.1910],
         [  3.7425,   3.8443,   3.0517,  ...,  11.2427,  12.6208,  13.4249],
         [  2.8277,   4.3633,   4.0600,  ...,  10.9889,  12.3124,  12.1952]],

        [[-13.8155, -13.8155, -13.8155,  ..., -13.8155, -13.8155, -13.8155],
         [  4.6999,   5.6105,   5.5739,  ...,  10.4491,  11.1979,  11.0331],
         [  4.5881,   6.1005,   6.3064,  ...,  11.0554,  11.7377,  11.3080],
         ...,
         [  2.8877,   4.3570,   3.9996,  ...,  11.7516,  12.9888,  12.1910],
         [  3.7425,   3.8443,   3.0517,  ...,  11.2427,  12.6208,  13.4249],
         [  2.8277,   4.3633,   4.0600,  ...,  10.9889,  12.3124,  12.1952]]])
